CHECKSUM=1.0718375413659045e7
RUNTIME_SEC=9.316505e-2
