CHECKSUM=1.0718375413659045e7
RUNTIME_SEC=6.9086181e-2
