CHECKSUM=1.0718375413659045e7
RUNTIME_SEC=9.748791e-2
