CHECKSUM=1.0718375413659045e7
RUNTIME_SEC=7.6314732e-2
