CHECKSUM=1.0718375413659045e7
RUNTIME_SEC=6.0100451e-2
