CHECKSUM=1.0718375413659045e7
RUNTIME_SEC=0.41976495
