CHECKSUM=1.0718375413659045e7
RUNTIME_SEC=8.6295039e-2
