CHECKSUM=1.0718375413659045e7
RUNTIME_SEC=8.3713641e-2
