CHECKSUM=1.0718375413659045e7
RUNTIME_SEC=6.4267977e-2
