CHECKSUM=1.0718375413659045e7
RUNTIME_SEC=7.1242341e-2
