CHECKSUM=6.865540752272446e7
RUNTIME_SEC=0.689566964
