CHECKSUM=1.054684084307938e8
RUNTIME_SEC=9.171710388
