CHECKSUM=31245.931037951777
RUNTIME_SEC=6.95172e-4
