CHECKSUM=31245.931037951777
RUNTIME_SEC=7.41045e-4
