CHECKSUM=31245.931037951777
RUNTIME_SEC=5.25849e-4
