CHECKSUM=31245.931037951777
RUNTIME_SEC=1.681277e-3
