CHECKSUM=31245.931037951777
RUNTIME_SEC=5.04692e-4
