CHECKSUM=31245.931037951777
RUNTIME_SEC=4.16957e-4
