CHECKSUM=31245.931037951777
RUNTIME_SEC=9.15723e-4
