CHECKSUM=31245.931037951777
RUNTIME_SEC=6.84512e-4
