CHECKSUM=31245.931037951777
RUNTIME_SEC=1.715266e-3
