CHECKSUM=3.1249352487531174e7
RUNTIME_SEC=1.784093815
