CHECKSUM=2.4999994746025163e8
RUNTIME_SEC=9.900188562
