CHECKSUM=2.1434252521327904e8
RUNTIME_SEC=17.660778594
