CHECKSUM=2.1434252521327904e8
RUNTIME_SEC=8.702202122
