CHECKSUM=6749549.103405451
RUNTIME_SEC=7.601622e-2
