CHECKSUM=6749549.103405451
RUNTIME_SEC=6.228224e-2
