CHECKSUM=6749549.103405451
RUNTIME_SEC=7.0438638e-2
