CHECKSUM=6749549.103405451
RUNTIME_SEC=8.0421814e-2
