CHECKSUM=6749549.103405451
RUNTIME_SEC=8.1940551e-2
