CHECKSUM=6749549.103405451
RUNTIME_SEC=9.2177088e-2
