CHECKSUM=6749549.103405451
RUNTIME_SEC=4.587906e-2
