CHECKSUM=6749549.103405451
RUNTIME_SEC=4.9623326e-2
