CHECKSUM=6749549.103405451
RUNTIME_SEC=4.4259962e-2
