CHECKSUM=6749549.103405451
RUNTIME_SEC=4.7520659e-2
