CHECKSUM=6749549.103405451
RUNTIME_SEC=6.8096028e-2
