CHECKSUM=6749549.103405451
RUNTIME_SEC=0.185789136
