CHECKSUM=6749549.103405451
RUNTIME_SEC=7.7511263e-2
