CHECKSUM=6749549.103405451
RUNTIME_SEC=5.0002064e-2
