CHECKSUM=6749549.103405451
RUNTIME_SEC=4.2629428e-2
