CHECKSUM=6749549.103405451
RUNTIME_SEC=7.376792e-2
