CHECKSUM=1.0718375413659045e7
RUNTIME_SEC=7.4456781e-2
