CHECKSUM=1.0718375413659045e7
RUNTIME_SEC=6.3948558e-2
