CHECKSUM=1.0718375413659045e7
RUNTIME_SEC=7.3743609e-2
