CHECKSUM=4.159296024151455e7
RUNTIME_SEC=0.308126019
