CHECKSUM=4.159296024151455e7
RUNTIME_SEC=1.5390084
