CHECKSUM=3905958.230948337
RUNTIME_SEC=8.8766409e-2
