CHECKSUM=3905958.230948337
RUNTIME_SEC=4.2123038e-2
