CHECKSUM=3905958.230948337
RUNTIME_SEC=3.2740683e-2
