CHECKSUM=3905958.230948337
RUNTIME_SEC=4.3589814e-2
