CHECKSUM=3905958.230948337
RUNTIME_SEC=8.8678381e-2
