CHECKSUM=3905958.230948337
RUNTIME_SEC=9.110618e-2
