CHECKSUM=3905958.230948337
RUNTIME_SEC=3.8043107e-2
