CHECKSUM=3905958.230948337
RUNTIME_SEC=3.7064837e-2
