CHECKSUM=3905958.230948337
RUNTIME_SEC=6.8929714e-2
