CHECKSUM=3905958.230948337
RUNTIME_SEC=9.6064041e-2
