CHECKSUM=3905958.230948337
RUNTIME_SEC=7.8655021e-2
