CHECKSUM=3905958.230948337
RUNTIME_SEC=7.2553593e-2
