CHECKSUM=3905958.230948337
RUNTIME_SEC=2.7636099e-2
