CHECKSUM=3905958.230948337
RUNTIME_SEC=3.5700247e-2
