CHECKSUM=3905958.230948337
RUNTIME_SEC=8.4351948e-2
