CHECKSUM=3905958.230948337
RUNTIME_SEC=2.6431773e-2
