CHECKSUM=3905958.230948337
RUNTIME_SEC=6.6071257e-2
