CHECKSUM=3905958.230948337
RUNTIME_SEC=9.4752797e-2
