CHECKSUM=3905958.230948337
RUNTIME_SEC=9.9201763e-2
