CHECKSUM=3905958.230948337
RUNTIME_SEC=6.2587265e-2
