CHECKSUM=3905958.230948337
RUNTIME_SEC=3.9451019e-2
