CHECKSUM=3905958.230948337
RUNTIME_SEC=2.5114151e-2
