CHECKSUM=3905958.230948337
RUNTIME_SEC=0.105580917
