CHECKSUM=3905958.230948337
RUNTIME_SEC=4.3427806e-2
