CHECKSUM=3905958.230948337
RUNTIME_SEC=9.8707212e-2
