CHECKSUM=3905958.230948337
RUNTIME_SEC=3.4860506e-2
