CHECKSUM=843662.3200110887
RUNTIME_SEC=9.681251e-3
