CHECKSUM=843662.3200110887
RUNTIME_SEC=6.413325e-3
