CHECKSUM=843662.3200110887
RUNTIME_SEC=7.629821e-3
