CHECKSUM=843662.3200110887
RUNTIME_SEC=8.317839e-3
