CHECKSUM=843662.3200110887
RUNTIME_SEC=2.2299629e-2
