CHECKSUM=843662.3200110887
RUNTIME_SEC=1.3853193e-2
