CHECKSUM=843662.3200110887
RUNTIME_SEC=8.283832e-3
