CHECKSUM=843662.3200110887
RUNTIME_SEC=1.5600662e-2
