CHECKSUM=843662.3200110887
RUNTIME_SEC=1.6646093e-2
