CHECKSUM=843662.3200110887
RUNTIME_SEC=1.735654e-2
