CHECKSUM=843662.3200110887
RUNTIME_SEC=1.7028452e-2
