CHECKSUM=843662.3200110887
RUNTIME_SEC=7.599237e-3
