CHECKSUM=843662.3200110887
RUNTIME_SEC=5.949071e-3
