CHECKSUM=843662.3200110887
RUNTIME_SEC=1.7877471e-2
