CHECKSUM=843662.3200110887
RUNTIME_SEC=1.7214127e-2
