CHECKSUM=843662.3200110887
RUNTIME_SEC=1.6881281e-2
