CHECKSUM=843662.3200110887
RUNTIME_SEC=8.395289e-3
