CHECKSUM=8.575000472569278e7
RUNTIME_SEC=3.509390251
