CHECKSUM=249876.45795155535
RUNTIME_SEC=5.877907e-3
