CHECKSUM=249876.45795155535
RUNTIME_SEC=2.448593e-3
