CHECKSUM=249876.45795155535
RUNTIME_SEC=5.539237e-3
