CHECKSUM=249876.45795155535
RUNTIME_SEC=8.119179e-3
