CHECKSUM=249876.45795155535
RUNTIME_SEC=6.513369e-3
