CHECKSUM=249876.45795155535
RUNTIME_SEC=3.337213e-3
