CHECKSUM=249876.45795155535
RUNTIME_SEC=4.911489e-3
