CHECKSUM=249876.45795155535
RUNTIME_SEC=3.476646e-3
