CHECKSUM=249876.45795155535
RUNTIME_SEC=5.720668e-3
