CHECKSUM=249876.45795155535
RUNTIME_SEC=3.558184e-3
