CHECKSUM=249876.45795155535
RUNTIME_SEC=8.323616e-3
