CHECKSUM=249876.45795155535
RUNTIME_SEC=7.013778e-3
