CHECKSUM=249876.45795155535
RUNTIME_SEC=7.159437e-3
