CHECKSUM=249876.45795155535
RUNTIME_SEC=3.252284e-3
