CHECKSUM=249876.45795155535
RUNTIME_SEC=5.782274e-3
