CHECKSUM=8.575000472569278e7
RUNTIME_SEC=0.79751407
