CHECKSUM=3905958.230948337
RUNTIME_SEC=2.5570247e-2
