CHECKSUM=3905958.230948337
RUNTIME_SEC=7.569321e-2
