CHECKSUM=3905958.230948337
RUNTIME_SEC=8.6472355e-2
