CHECKSUM=3905958.230948337
RUNTIME_SEC=3.3144447e-2
