CHECKSUM=3905958.230948337
RUNTIME_SEC=3.9155393e-2
