CHECKSUM=3905958.230948337
RUNTIME_SEC=9.5354113e-2
