CHECKSUM=3905958.230948337
RUNTIME_SEC=3.0275103e-2
