CHECKSUM=3905958.230948337
RUNTIME_SEC=2.4294032e-2
