CHECKSUM=3905958.230948337
RUNTIME_SEC=3.1650487e-2
