CHECKSUM=3905958.230948337
RUNTIME_SEC=3.6368873e-2
