CHECKSUM=3905958.230948337
RUNTIME_SEC=3.5918401e-2
