CHECKSUM=3905958.230948337
RUNTIME_SEC=7.5989355e-2
