CHECKSUM=3905958.230948337
RUNTIME_SEC=9.1612794e-2
