CHECKSUM=3905958.230948337
RUNTIME_SEC=2.663551e-2
