CHECKSUM=3905958.230948337
RUNTIME_SEC=2.9735903e-2
