CHECKSUM=3905958.230948337
RUNTIME_SEC=7.0730639e-2
