CHECKSUM=3905958.230948337
RUNTIME_SEC=5.6011464e-2
