CHECKSUM=3905958.230948337
RUNTIME_SEC=0.111538388
