CHECKSUM=3905958.230948337
RUNTIME_SEC=6.3265232e-2
