CHECKSUM=3905958.230948337
RUNTIME_SEC=3.2063303e-2
