CHECKSUM=3905958.230948337
RUNTIME_SEC=6.1091363e-2
