CHECKSUM=3905958.230948337
RUNTIME_SEC=5.7835014e-2
