CHECKSUM=31245.931037951777
RUNTIME_SEC=5.59024e-4
