CHECKSUM=31245.931037951777
RUNTIME_SEC=1.013251e-3
