CHECKSUM=31245.931037951777
RUNTIME_SEC=4.69319e-4
