CHECKSUM=31245.931037951777
RUNTIME_SEC=6.99614e-4
