CHECKSUM=31245.931037951777
RUNTIME_SEC=4.84285e-4
