CHECKSUM=31245.931037951777
RUNTIME_SEC=2.007989e-3
