CHECKSUM=31245.931037951777
RUNTIME_SEC=7.45801e-4
