CHECKSUM=31245.931037951777
RUNTIME_SEC=8.22943e-4
