CHECKSUM=31245.931037951777
RUNTIME_SEC=8.93767e-4
