CHECKSUM=31245.931037951777
RUNTIME_SEC=5.53747e-4
