CHECKSUM=31245.931037951777
RUNTIME_SEC=1.019499e-3
