CHECKSUM=1.2799950011249429e8
RUNTIME_SEC=2.605499228
