CHECKSUM=1.2799950011249429e8
RUNTIME_SEC=3.603377748
