CHECKSUM=1.5999311943665154e7
RUNTIME_SEC=0.481660799
