CHECKSUM=1.5999311943665154e7
RUNTIME_SEC=0.11482937
