CHECKSUM=6.865540752272446e7
RUNTIME_SEC=0.572825814
