CHECKSUM=1999810.2237917918
RUNTIME_SEC=4.5146431e-2
