CHECKSUM=1999810.2237917918
RUNTIME_SEC=4.7571901e-2
