CHECKSUM=1999810.2237917918
RUNTIME_SEC=1.9374085e-2
