CHECKSUM=1999810.2237917918
RUNTIME_SEC=1.3477462e-2
