CHECKSUM=1999810.2237917918
RUNTIME_SEC=1.3198139e-2
