CHECKSUM=1999810.2237917918
RUNTIME_SEC=3.5214788e-2
