CHECKSUM=1999810.2237917918
RUNTIME_SEC=4.7579377e-2
