CHECKSUM=1999810.2237917918
RUNTIME_SEC=1.965228e-2
