CHECKSUM=5.400003823370089e7
RUNTIME_SEC=0.720537721
