CHECKSUM=5.400003823370089e7
RUNTIME_SEC=1.571413071
