CHECKSUM=1.054684084307938e8
RUNTIME_SEC=3.485921518
