CHECKSUM=1.054684084307938e8
RUNTIME_SEC=1.241133168
