CHECKSUM=1.054684084307938e8
RUNTIME_SEC=0.82085433
