CHECKSUM=2.2781378971408706e7
RUNTIME_SEC=0.157671109
