CHECKSUM=843662.3200110887
RUNTIME_SEC=5.97802e-3
