CHECKSUM=843662.3200110887
RUNTIME_SEC=8.136815e-3
