CHECKSUM=843662.3200110887
RUNTIME_SEC=2.0977661e-2
