CHECKSUM=843662.3200110887
RUNTIME_SEC=1.0828634e-2
