CHECKSUM=843662.3200110887
RUNTIME_SEC=2.0013577e-2
