CHECKSUM=843662.3200110887
RUNTIME_SEC=2.0232589e-2
