CHECKSUM=843662.3200110887
RUNTIME_SEC=7.444561e-3
