CHECKSUM=843662.3200110887
RUNTIME_SEC=8.270878e-3
