CHECKSUM=843662.3200110887
RUNTIME_SEC=5.953546e-3
