CHECKSUM=843662.3200110887
RUNTIME_SEC=6.913175e-3
