CHECKSUM=843662.3200110887
RUNTIME_SEC=1.9890559e-2
