CHECKSUM=843662.3200110887
RUNTIME_SEC=2.3798681e-2
