CHECKSUM=843662.3200110887
RUNTIME_SEC=2.4180333e-2
