CHECKSUM=843662.3200110887
RUNTIME_SEC=9.790604e-3
