CHECKSUM=843662.3200110887
RUNTIME_SEC=7.271993e-3
