CHECKSUM=843662.3200110887
RUNTIME_SEC=6.785577e-3
