CHECKSUM=843662.3200110887
RUNTIME_SEC=2.0178225e-2
