CHECKSUM=843662.3200110887
RUNTIME_SEC=1.2676879e-2
