CHECKSUM=249876.45795155535
RUNTIME_SEC=5.047104e-3
