CHECKSUM=249876.45795155535
RUNTIME_SEC=9.048623e-3
