CHECKSUM=249876.45795155535
RUNTIME_SEC=6.051335e-3
