CHECKSUM=249876.45795155535
RUNTIME_SEC=7.126234e-3
