CHECKSUM=249876.45795155535
RUNTIME_SEC=8.488356e-3
