CHECKSUM=249876.45795155535
RUNTIME_SEC=6.65329e-3
