CHECKSUM=249876.45795155535
RUNTIME_SEC=2.742068e-3
