CHECKSUM=249876.45795155535
RUNTIME_SEC=2.998879e-3
