CHECKSUM=249876.45795155535
RUNTIME_SEC=4.614762e-3
