CHECKSUM=6749549.103405451
RUNTIME_SEC=7.4321675e-2
