CHECKSUM=6749549.103405451
RUNTIME_SEC=4.838791e-2
