CHECKSUM=6749549.103405451
RUNTIME_SEC=4.5213352e-2
