CHECKSUM=6749549.103405451
RUNTIME_SEC=4.6433818e-2
