CHECKSUM=6749549.103405451
RUNTIME_SEC=6.4579489e-2
