CHECKSUM=6749549.103405451
RUNTIME_SEC=4.7742826e-2
