CHECKSUM=6749549.103405451
RUNTIME_SEC=4.3448928e-2
