CHECKSUM=6749549.103405451
RUNTIME_SEC=4.4130144e-2
