CHECKSUM=6749549.103405451
RUNTIME_SEC=8.5511544e-2
