CHECKSUM=6749549.103405451
RUNTIME_SEC=4.8672102e-2
