CHECKSUM=6749549.103405451
RUNTIME_SEC=5.2422077e-2
