CHECKSUM=6749549.103405451
RUNTIME_SEC=8.3931302e-2
