CHECKSUM=6749549.103405451
RUNTIME_SEC=5.6966075e-2
