CHECKSUM=6749549.103405451
RUNTIME_SEC=7.9767118e-2
