CHECKSUM=6749549.103405451
RUNTIME_SEC=8.8469766e-2
