CHECKSUM=6749549.103405451
RUNTIME_SEC=6.0364916e-2
