CHECKSUM=6749549.103405451
RUNTIME_SEC=7.7716831e-2
