CHECKSUM=2.4999994746025163e8
RUNTIME_SEC=1.952607602
