CHECKSUM=2.4999994746025163e8
RUNTIME_SEC=7.640937565
