CHECKSUM=2.4999994746025163e8
RUNTIME_SEC=3.126387953
