CHECKSUM=3.1249352487531174e7
RUNTIME_SEC=2.25027117
