CHECKSUM=3.1249352487531174e7
RUNTIME_SEC=0.797050888
