CHECKSUM=1.5353073433632427e8
RUNTIME_SEC=23.559757458
