CHECKSUM=1.5353073433632427e8
RUNTIME_SEC=14.24272404
