CHECKSUM=1.5353073433632427e8
RUNTIME_SEC=13.08774275
