CHECKSUM=1.5353073433632427e8
RUNTIME_SEC=11.731471688
