CHECKSUM=1.8224884588833788e8
RUNTIME_SEC=8.128119331
