CHECKSUM=1.5999311943665154e7
RUNTIME_SEC=9.8666639e-2
