CHECKSUM=1999810.2237917918
RUNTIME_SEC=1.5755167e-2
