CHECKSUM=1999810.2237917918
RUNTIME_SEC=1.7632166e-2
