CHECKSUM=1999810.2237917918
RUNTIME_SEC=4.942704e-2
