CHECKSUM=1999810.2237917918
RUNTIME_SEC=5.6649533e-2
