CHECKSUM=1999810.2237917918
RUNTIME_SEC=2.883229e-2
