CHECKSUM=1999810.2237917918
RUNTIME_SEC=1.4446615e-2
