CHECKSUM=1999810.2237917918
RUNTIME_SEC=3.6466217e-2
