CHECKSUM=1999810.2237917918
RUNTIME_SEC=3.9482143e-2
