CHECKSUM=1999810.2237917918
RUNTIME_SEC=5.6147806e-2
