CHECKSUM=1999810.2237917918
RUNTIME_SEC=1.5891826e-2
