CHECKSUM=1999810.2237917918
RUNTIME_SEC=2.5527545e-2
