CHECKSUM=1999810.2237917918
RUNTIME_SEC=6.0476592e-2
