CHECKSUM=1.5353073433632427e8
RUNTIME_SEC=4.541716908
