CHECKSUM=1.5353073433632427e8
RUNTIME_SEC=2.036933952
