CHECKSUM=1.5353073433632427e8
RUNTIME_SEC=9.203053715
