CHECKSUM=4.159296024151455e7
RUNTIME_SEC=3.021151565
