CHECKSUM=5.400003823370089e7
RUNTIME_SEC=2.236719769
